-11.000000
-4.279645
-1.478564
-0.366469
0.035019
0.149587
0.156937
0.130660
0.099025
0.071519
0.050250
0.034722
0.023741
0.016124
0.010902
0.007350
0.004946
0.003324
0.002232
0.001498
0.001005
0.000674
0.000452
0.000303
0.000203
0.000136
0.000091
0.000061
0.000041
0.000027
0.000018
0.000012
0.000008
0.000006
0.000004
0.000002
0.000002
0.000001
0.000001
0.000001
0.000000
0.000000
0.000000
0.000000
0.000000
0.000000
0.000000
0.000000
0.000000
0.000000
0.000000
0.000000
0.000000
0.000000
0.000000
0.000000
0.000000
0.000000
0.000000
0.000000
0.000000
0.000000
0.000000
0.000000
0.000000
0.000000
0.000000
0.000000
0.000000
0.000000
0.000000
0.000000
0.000000
0.000000
0.000000
0.000000
0.000000
0.000000
0.000000
0.000000
0.000000
0.000000
0.000000
0.000000
0.000000
0.000000
0.000000
0.000000
0.000000
0.000000
0.000000
0.000000
0.000000
0.000000
0.000000
0.000000
0.000000
0.000000
0.000000
0.000000
0.000000
